1
G1
0 3
1 2
2 2
3 0
4 0
5 2
6 2
7 0
8 2
9 0
10 3
11 2
12 2
6 9 2
9 1 3
1 5 1
5 8 2
8 12 2
12 11 3
11 7 1
7 4 1
4 10 2
10 2 1
2 0 2
0 3 3
0 10 1
0 4 3
4 2 1

G2
0 1
1 1
2 3
3 1
4 2
5 0
6 3
7 3
8 2
9 1
10 1
11 1
12 1
11 5 2
5 0 2
0 12 2
12 10 2
10 7 3
7 3 2
3 2 1
2 9 2
9 1 2
1 8 3
8 4 1
4 6 1
7 5 2
9 0 2
11 3 1

G3
0 0
1 3
2 2
3 3
4 3
5 1
6 1
7 0
8 0
9 1
10 2
11 2
12 3
7 0 3
0 5 2
5 8 1
8 10 2
10 6 3
6 1 1
1 11 3
11 4 3
4 12 3
12 2 1
2 3 1
3 9 1
12 9 2
10 1 2
3 8 1

G4
0 3
1 3
2 1
3 3
4 3
5 0
6 2
7 1
8 1
9 2
10 3
11 3
12 0
4 9 3
9 0 2
0 7 3
7 1 1
1 10 2
10 6 2
6 8 1
8 12 2
12 3 3
3 5 2
5 11 3
11 2 3
4 0 3
4 2 1
5 6 3

G5
0 2
1 0
2 1
3 3
4 1
5 2
6 1
7 2
8 2
9 3
10 2
11 0
12 2
6 9 1
9 10 2
10 2 1
2 3 2
3 4 1
4 7 1
7 5 3
5 1 2
1 0 3
0 12 2
12 8 1
8 11 2
4 9 1
8 3 3
5 11 2

G6
0 3
1 2
2 3
3 0
4 0
5 2
6 3
7 2
8 0
9 1
10 3
11 0
12 3
0 2 1
2 10 1
10 6 1
6 8 2
8 1 1
1 4 1
4 7 1
7 3 3
3 12 3
12 9 3
9 5 2
5 11 2
3 9 1
7 1 2
7 10 3

G7
0 1
1 0
2 2
3 1
4 3
5 3
6 3
7 1
8 1
9 0
10 0
11 3
12 2
12 6 3
6 1 3
1 2 2
2 7 1
7 9 2
9 5 2
5 3 1
3 11 2
11 8 3
8 4 2
4 0 2
0 10 3
4 7 1
2 9 1
9 1 1

G8
0 0
1 2
2 0
3 2
4 0
5 0
6 0
7 1
8 1
9 1
10 3
11 0
12 1
5 8 2
8 3 1
3 12 2
12 9 2
9 4 2
4 2 3
2 10 3
10 1 3
1 11 1
11 6 3
6 7 2
7 0 2
12 5 2
2 3 3
9 11 3

G9
0 2
1 2
2 1
3 0
4 0
5 2
6 0
7 3
8 2
9 3
10 2
11 3
12 3
12 4 2
4 11 1
11 8 1
8 1 2
1 9 3
9 7 1
7 2 3
2 3 1
3 0 3
0 5 3
5 10 1
10 6 3
4 9 1
6 5 3
6 9 3

G10
0 3
1 1
2 2
3 2
4 2
5 2
6 3
7 3
8 3
9 3
10 0
11 2
12 3
4 9 3
9 5 3
5 1 2
1 11 2
11 7 1
7 0 2
0 2 1
2 3 1
3 12 3
12 6 3
6 10 1
10 8 2
11 6 1
12 2 2
9 0 3

G11
0 0
1 0
2 0
3 2
4 1
5 0
6 1
7 1
8 1
9 3
10 3
11 2
12 3
11 9 2
9 12 3
12 3 3
3 10 3
10 8 1
8 4 1
4 7 2
7 6 2
6 1 1
1 0 1
0 2 2
2 5 1
8 0 3
11 10 2
12 8 2

G12
0 0
1 2
2 1
3 2
4 3
5 0
6 2
7 3
8 0
9 3
10 2
11 2
12 2
2 1 3
1 7 2
7 8 1
8 4 2
4 11 1
11 10 2
10 9 1
9 6 1
6 5 3
5 0 2
0 12 3
12 3 3
9 5 1
1 0 2
5 11 2

G13
0 0
1 3
2 1
3 1
4 3
5 1
6 0
7 3
8 2
9 0
10 3
11 1
12 2
1 5 1
5 12 2
12 3 3
3 10 3
10 11 2
11 8 2
8 7 3
7 9 1
9 4 1
4 2 3
2 0 1
0 6 2
9 5 3
0 3 2
12 10 1

G14
0 0
1 3
2 0
3 0
4 1
5 2
6 1
7 2
8 1
9 3
10 2
11 0
12 0
4 2 1
2 6 2
6 1 2
1 5 3
5 7 2
7 12 3
12 9 1
9 8 1
8 10 3
10 11 2
11 3 1
3 0 1
0 5 3
2 12 3
3 8 3

G15
0 0
1 0
2 3
3 0
4 3
5 2
6 3
7 0
8 1
9 0
10 1
11 2
12 1
0 3 2
3 1 1
1 4 1
4 7 2
7 6 1
6 9 2
9 2 2
2 8 1
8 10 2
10 12 2
12 11 1
11 5 3
11 3 2
11 8 1
0 8 3

G16
0 1
1 1
2 1
3 0
4 2
5 2
6 1
7 2
8 1
9 3
10 0
11 2
12 0
2 9 2
9 12 1
12 5 2
5 0 1
0 7 2
7 10 2
10 6 3
6 1 2
1 4 2
4 11 2
11 3 2
3 8 3
3 0 1
9 8 3
4 2 2

G17
0 0
1 1
2 2
3 0
4 1
5 0
6 0
7 2
8 0
9 1
10 3
11 0
12 1
11 8 3
8 2 3
2 4 1
4 10 3
10 7 3
7 1 2
1 12 2
12 5 1
5 9 2
9 3 3
3 6 3
6 0 3
7 4 2
4 8 1
6 8 2

G18
0 0
1 2
2 0
3 2
4 1
5 0
6 3
7 2
8 1
9 3
10 3
11 3
12 3
8 2 2
2 0 2
0 12 3
12 7 2
7 6 1
6 5 2
5 1 2
1 11 1
11 9 2
9 4 2
4 3 1
3 10 2
0 1 1
9 5 2
3 1 3

G19
0 0
1 3
2 1
3 2
4 1
5 1
6 0
7 3
8 0
9 1
10 3
11 0
12 1
2 5 1
5 1 3
1 10 3
10 12 3
12 9 3
9 11 3
11 7 1
7 6 3
6 8 1
8 0 1
0 4 2
4 3 2
6 0 2
2 0 1
1 2 3

G20
0 2
1 1
2 1
3 3
4 1
5 3
6 2
7 3
8 1
9 0
10 1
11 2
12 0
5 0 3
0 8 2
8 4 1
4 1 2
1 9 3
9 12 1
12 10 3
10 6 1
6 2 3
2 7 1
7 11 3
11 3 3
8 1 3
4 12 2
6 8 1

G21
0 1
1 1
2 2
3 0
4 0
5 3
6 3
7 3
8 0
9 1
10 0
11 3
12 0
4 11 3
11 2 2
2 6 3
6 5 2
5 7 3
7 10 1
10 9 1
9 1 1
1 12 2
12 8 2
8 0 3
0 3 2
11 6 1
10 0 1
1 5 1

G22
0 1
1 3
2 0
3 2
4 1
5 0
6 2
7 1
8 1
9 0
10 3
11 0
12 3
7 12 2
12 0 2
0 3 1
3 9 3
9 11 2
11 10 3
10 4 3
4 5 2
5 8 1
8 2 1
2 1 3
1 6 2
1 5 3
3 2 3
11 8 3

G23
0 2
1 0
2 1
3 0
4 3
5 3
6 3
7 3
8 2
9 1
10 3
11 3
12 1
0 5 2
5 2 3
2 7 3
7 12 1
12 3 2
3 4 1
4 11 3
11 9 2
9 1 2
1 8 1
8 10 3
10 6 2
8 6 1
12 4 2
6 9 1

G24
0 0
1 1
2 0
3 1
4 1
5 0
6 3
7 3
8 0
9 0
10 0
11 0
12 3
9 0 1
0 12 3
12 6 1
6 3 3
3 5 3
5 10 2
10 8 3
8 2 3
2 11 3
11 1 3
1 7 1
7 4 2
3 12 1
4 8 1
6 2 1

G25
0 0
1 3
2 2
3 1
4 0
5 2
6 2
7 2
8 0
9 1
10 2
11 3
12 0
0 4 2
4 5 3
5 6 1
6 11 2
11 1 3
1 9 3
9 8 1
8 12 1
12 10 2
10 3 2
3 2 3
2 7 3
8 6 2
11 9 2
12 11 3

G26
0 1
1 1
2 0
3 3
4 2
5 0
6 3
7 3
8 1
9 3
10 3
11 1
12 3
4 3 1
3 5 3
5 2 2
2 10 1
10 0 2
0 9 1
9 1 3
1 12 1
12 8 3
8 7 1
7 6 2
6 11 3
2 1 2
11 5 1
4 5 3

G27
0 0
1 1
2 2
3 0
4 2
5 3
6 2
7 1
8 3
9 1
10 0
11 0
12 3
10 5 3
5 7 3
7 4 1
4 11 1
11 0 3
0 6 2
6 1 3
1 3 3
3 2 3
2 12 1
12 9 3
9 8 3
3 5 3
6 7 2
2 0 3

G28
0 1
1 3
2 3
3 1
4 1
5 2
6 3
7 1
8 1
9 1
10 3
11 1
12 0
3 7 3
7 12 1
12 10 3
10 9 3
9 1 1
1 11 2
11 4 3
4 6 3
6 0 1
0 8 1
8 5 2
5 2 2
4 10 2
1 8 1
3 10 2

G29
0 2
1 1
2 2
3 3
4 3
5 3
6 1
7 1
8 0
9 2
10 0
11 3
12 3
11 1 3
1 7 1
7 9 3
9 2 1
2 8 2
8 12 3
12 3 2
3 10 1
10 4 3
4 6 2
6 5 2
5 0 3
10 12 1
10 5 1
7 10 3

G30
0 0
1 1
2 1
3 1
4 3
5 1
6 1
7 1
8 3
9 1
10 0
11 1
12 0
7 3 2
3 8 2
8 4 2
4 10 1
10 6 3
6 1 1
1 12 3
12 0 1
0 9 3
9 11 2
11 2 3
2 5 1
5 0 1
12 9 2
10 9 2

G31
0 3
1 0
2 0
3 0
4 2
5 1
6 0
7 0
8 0
9 2
10 1
11 0
12 1
0 8 3
8 4 1
4 11 3
11 1 1
1 2 3
2 5 2
5 12 3
12 10 1
10 9 3
9 3 3
3 7 1
7 6 2
0 12 3
0 5 3
6 11 2

G32
0 3
1 3
2 0
3 0
4 1
5 0
6 0
7 1
8 3
9 2
10 1
11 2
12 0
3 7 2
7 10 1
10 11 3
11 8 2
8 6 3
6 2 3
2 5 1
5 0 2
0 9 3
9 1 2
1 4 2
4 12 1
4 11 3
12 3 2
10 3 1

G33
0 2
1 0
2 2
3 0
4 3
5 1
6 2
7 1
8 0
9 2
10 2
11 2
12 2
1 6 1
6 9 2
9 5 3
5 7 3
7 8 1
8 0 3
0 3 3
3 11 1
11 10 1
10 12 2
12 4 1
4 2 1
4 9 2
0 12 2
0 2 3

G34
0 2
1 3
2 2
3 0
4 1
5 3
6 3
7 2
8 3
9 2
10 3
11 3
12 1
12 11 2
11 6 3
6 1 2
1 5 3
5 10 2
10 7 3
7 0 1
0 9 3
9 3 3
3 4 2
4 8 2
8 2 1
10 8 1
1 7 2
4 10 3

G35
0 3
1 3
2 2
3 2
4 0
5 1
6 2
7 3
8 1
9 3
10 0
11 3
12 3
9 12 3
12 1 3
1 11 2
11 7 2
7 3 1
3 6 2
6 10 3
10 4 1
4 2 1
2 8 1
8 5 2
5 0 3
4 9 2
5 10 2
2 7 2

G36
0 3
1 3
2 0
3 1
4 0
5 3
6 2
7 3
8 0
9 1
10 3
11 3
12 2
8 2 1
2 11 3
11 6 1
6 5 3
5 0 2
0 1 3
1 9 3
9 7 2
7 12 2
12 4 1
4 10 3
10 3 1
3 5 1
3 8 1
8 0 2

G37
0 3
1 3
2 0
3 0
4 1
5 1
6 3
7 3
8 2
9 1
10 1
11 2
12 3
9 3 2
3 11 2
11 6 1
6 1 1
1 5 1
5 0 1
0 10 2
10 2 3
2 4 1
4 7 2
7 8 2
8 12 1
5 12 3
11 9 1
1 12 2

G38
0 0
1 1
2 1
3 2
4 2
5 0
6 0
7 2
8 0
9 0
10 3
11 2
12 0
9 7 2
7 1 3
1 10 2
10 6 2
6 8 1
8 11 2
11 4 2
4 3 3
3 12 3
12 2 1
2 5 2
5 0 1
1 11 1
0 4 2
7 8 1

G39
0 1
1 2
2 3
3 2
4 2
5 3
6 2
7 3
8 1
9 1
10 2
11 0
12 3
4 7 2
7 6 1
6 5 1
5 11 3
11 2 3
2 3 3
3 12 2
12 0 3
0 9 1
9 8 3
8 1 1
1 10 2
5 10 2
10 0 2
4 1 2

G40
0 0
1 1
2 3
3 3
4 3
5 0
6 0
7 3
8 3
9 2
10 1
11 2
12 2
9 2 3
2 5 3
5 3 3
3 6 2
6 12 3
12 4 1
4 7 1
7 0 1
0 10 2
10 1 3
1 11 3
11 8 3
7 12 1
5 12 3
9 11 3

G41
0 2
1 0
2 3
3 1
4 2
5 3
6 3
7 3
8 0
9 2
10 2
11 3
12 3
0 3 2
3 1 2
1 9 1
9 4 1
4 7 2
7 10 2
10 11 1
11 8 1
8 6 3
6 5 3
5 2 2
2 12 1
6 11 3
11 7 2
4 0 3

G42
0 3
1 0
2 2
3 0
4 1
5 0
6 3
7 0
8 3
9 1
10 1
11 3
12 1
4 1 3
1 11 2
11 12 2
12 2 1
2 3 2
3 9 1
9 7 1
7 8 2
8 0 2
0 6 1
6 10 1
10 5 3
9 1 2
1 2 1
6 5 1

G43
0 3
1 1
2 2
3 0
4 1
5 3
6 0
7 0
8 3
9 0
10 1
11 3
12 2
4 11 1
11 10 1
10 0 1
0 1 2
1 3 1
3 7 3
7 2 2
2 6 1
6 9 1
9 12 1
12 8 2
8 5 1
12 3 1
7 5 3
7 12 3

G44
0 0
1 3
2 3
3 0
4 0
5 1
6 1
7 0
8 0
9 3
10 3
11 2
12 1
11 10 3
10 7 1
7 1 2
1 2 3
2 9 3
9 6 3
6 3 1
3 4 2
4 12 2
12 5 3
5 8 3
8 0 1
8 1 2
4 2 1
10 6 1

G45
0 0
1 0
2 1
3 2
4 0
5 1
6 1
7 2
8 1
9 1
10 1
11 1
12 0
10 12 2
12 7 3
7 3 2
3 0 3
0 2 2
2 1 2
1 11 3
11 9 3
9 8 2
8 5 3
5 6 2
6 4 3
6 10 2
6 9 3
4 1 1

G46
0 1
1 1
2 2
3 0
4 1
5 2
6 3
7 0
8 3
9 2
10 3
11 0
12 0
2 4 1
4 1 1
1 6 3
6 11 1
11 8 3
8 0 1
0 5 1
5 7 2
7 10 3
10 9 1
9 3 2
3 12 2
4 9 3
4 0 3
5 1 2

G47
0 1
1 0
2 2
3 3
4 2
5 1
6 3
7 0
8 0
9 3
10 1
11 3
12 0
12 5 2
5 10 3
10 4 1
4 9 3
9 11 2
11 0 1
0 2 3
2 7 2
7 6 1
6 3 2
3 1 1
1 8 2
4 7 2
2 5 2
6 2 3

G48
0 1
1 0
2 3
3 0
4 0
5 2
6 1
7 0
8 3
9 1
10 1
11 1
12 3
0 11 1
11 3 3
3 8 2
8 6 2
6 5 2
5 1 3
1 9 1
9 12 3
12 10 1
10 4 2
4 7 3
7 2 2
9 11 3
2 9 3
4 11 1

G49
0 3
1 1
2 0
3 0
4 3
5 2
6 2
7 1
8 0
9 3
10 1
11 3
12 1
10 7 3
7 5 2
5 8 2
8 1 1
1 2 2
2 12 2
12 11 1
11 4 2
4 6 2
6 9 2
9 3 2
3 0 2
0 2 1
7 12 1
5 9 1

G50
0 0
1 3
2 3
3 1
4 3
5 3
6 0
7 0
8 0
9 0
10 1
11 1
12 0
10 7 3
7 11 3
11 2 3
2 5 2
5 12 3
12 3 2
3 6 3
6 1 3
1 9 2
9 8 2
8 4 3
4 0 3
8 0 2
2 0 1
4 7 3

G51
0 2
1 1
2 0
3 2
4 0
5 2
6 2
7 0
8 1
9 2
10 3
11 3
12 1
1 3 3
3 0 1
0 7 1
7 2 2
2 12 1
12 8 2
8 4 2
4 10 3
10 11 2
11 6 3
6 9 3
9 5 3
1 12 1
9 7 2
6 10 1

G52
0 3
1 1
2 0
3 2
4 0
5 0
6 2
7 2
8 1
9 3
10 1
11 2
12 0
11 1 2
1 12 1
12 5 3
5 10 3
10 8 1
8 2 3
2 9 3
9 0 3
0 6 3
6 3 1
3 4 3
4 7 2
9 10 1
9 11 3
8 0 3

G53
0 0
1 1
2 1
3 1
4 2
5 1
6 2
7 2
8 1
9 1
10 2
11 3
12 0
1 8 3
8 2 3
2 0 3
0 6 2
6 5 2
5 3 2
3 9 1
9 4 3
4 12 2
12 11 1
11 7 1
7 10 2
2 10 2
3 4 3
7 9 2

G54
0 2
1 3
2 2
3 0
4 3
5 3
6 0
7 2
8 1
9 2
10 1
11 1
12 0
7 4 2
4 11 1
11 0 2
0 10 3
10 12 2
12 9 3
9 5 1
5 8 1
8 6 2
6 1 1
1 2 3
2 3 1
7 2 2
1 9 3
11 12 2

G55
0 3
1 3
2 2
3 1
4 3
5 2
6 2
7 2
8 2
9 0
10 0
11 2
12 0
3 8 2
8 10 1
10 1 1
1 2 3
2 4 1
4 7 1
7 9 1
9 12 1
12 5 1
5 0 3
0 6 2
6 11 3
4 10 1
9 2 3
10 6 2

G56
0 0
1 0
2 1
3 1
4 0
5 1
6 0
7 1
8 1
9 3
10 0
11 1
12 1
8 1 3
1 6 3
6 4 3
4 2 2
2 10 1
10 3 3
3 5 2
5 7 2
7 11 1
11 0 2
0 9 3
9 12 3
6 12 1
0 5 1
12 2 1

G57
0 0
1 1
2 1
3 3
4 2
5 1
6 0
7 2
8 3
9 1
10 3
11 0
12 0
6 0 1
0 11 3
11 9 2
9 3 3
3 10 1
10 8 3
8 7 1
7 5 2
5 1 1
1 12 2
12 2 3
2 4 1
4 11 2
10 0 2
1 6 3

G58
0 0
1 2
2 1
3 1
4 0
5 1
6 2
7 2
8 3
9 2
10 0
11 1
12 2
8 5 3
5 4 3
4 6 2
6 0 1
0 1 2
1 11 1
11 10 2
10 2 3
2 3 1
3 12 2
12 7 1
7 9 3
10 4 2
10 8 2
6 9 1

G59
0 2
1 2
2 2
3 0
4 3
5 1
6 0
7 3
8 0
9 0
10 3
11 3
12 0
3 6 1
6 1 2
1 12 2
12 2 3
2 4 1
4 10 3
10 7 1
7 5 3
5 0 1
0 11 1
11 8 1
8 9 1
1 4 3
1 8 3
8 10 2

G60
0 1
1 1
2 2
3 1
4 0
5 2
6 3
7 1
8 1
9 0
10 3
11 0
12 2
1 0 3
0 4 1
4 3 1
3 6 3
6 12 1
12 2 3
2 10 3
10 7 3
7 11 2
11 5 1
5 9 3
9 8 2
10 6 1
7 8 3
11 6 2

G61
0 1
1 3
2 0
3 1
4 1
5 2
6 2
7 1
8 1
9 3
10 0
11 2
12 0
11 7 3
7 3 2
3 5 2
5 8 3
8 6 1
6 2 3
2 0 2
0 1 1
1 12 1
12 9 3
9 10 2
10 4 3
4 2 3
7 12 2
7 2 3

G62
0 0
1 1
2 3
3 2
4 2
5 1
6 0
7 1
8 1
9 0
10 3
11 1
12 2
4 8 1
8 12 1
12 11 1
11 3 1
3 5 1
5 10 2
10 2 1
2 1 3
1 7 2
7 9 3
9 0 3
0 6 2
9 11 1
2 11 2
6 2 2

G63
0 3
1 1
2 1
3 0
4 1
5 0
6 1
7 0
8 3
9 3
10 1
11 1
12 0
0 4 2
4 12 3
12 6 1
6 3 2
3 8 1
8 10 1
10 11 2
11 7 1
7 9 1
9 2 2
2 5 2
5 1 3
12 3 1
0 7 2
11 9 2

G64
0 3
1 3
2 3
3 3
4 1
5 1
6 3
7 1
8 3
9 2
10 1
11 1
12 2
10 4 1
4 8 2
8 6 1
6 2 1
2 3 1
3 9 2
9 7 2
7 1 2
1 0 1
0 12 2
12 5 3
5 11 2
12 3 2
12 4 1
7 8 3

G65
0 0
1 3
2 1
3 3
4 3
5 2
6 0
7 1
8 3
9 1
10 2
11 2
12 1
4 0 1
0 1 2
1 3 2
3 11 2
11 10 1
10 9 3
9 2 1
2 5 3
5 7 1
7 8 3
8 6 3
6 12 1
0 3 3
3 12 1
7 0 3

G66
0 2
1 1
2 3
3 2
4 0
5 0
6 1
7 1
8 0
9 1
10 0
11 0
12 2
3 8 3
8 0 1
0 6 2
6 11 1
11 2 3
2 7 3
7 1 3
1 4 3
4 5 3
5 9 2
9 10 2
10 12 2
1 11 1
7 11 1
11 0 3

G67
0 0
1 2
2 0
3 0
4 0
5 2
6 0
7 2
8 0
9 0
10 1
11 0
12 2
6 11 3
11 1 3
1 0 2
0 2 3
2 10 2
10 9 2
9 3 2
3 4 1
4 12 2
12 5 1
5 7 2
7 8 1
4 11 2
2 3 3
5 1 1

G68
0 3
1 0
2 0
3 2
4 2
5 1
6 2
7 3
8 1
9 0
10 3
11 3
12 3
3 1 1
1 12 1
12 7 1
7 0 3
0 11 3
11 10 3
10 4 1
4 2 1
2 8 1
8 5 2
5 9 3
9 6 2
6 2 1
3 8 1
5 2 1

G69
0 2
1 1
2 0
3 1
4 1
5 1
6 2
7 3
8 3
9 1
10 2
11 0
12 2
6 7 2
7 5 2
5 12 3
12 0 2
0 1 2
1 2 1
2 3 2
3 4 1
4 8 2
8 10 3
10 11 2
11 9 2
2 12 1
1 4 3
6 5 1

G70
0 0
1 3
2 1
3 3
4 2
5 3
6 2
7 0
8 0
9 0
10 3
11 3
12 1
1 8 3
8 2 1
2 10 3
10 7 3
7 4 3
4 6 1
6 3 3
3 5 3
5 12 1
12 0 2
0 9 1
9 11 3
12 7 2
12 1 1
5 4 1

G71
0 2
1 1
2 3
3 3
4 3
5 2
6 0
7 2
8 3
9 3
10 0
11 3
12 2
3 4 1
4 7 3
7 9 1
9 10 2
10 2 3
2 5 3
5 6 3
6 12 3
12 11 2
11 8 1
8 0 1
0 1 2
10 6 2
2 9 3
9 8 1

G72
0 1
1 2
2 3
3 2
4 2
5 1
6 0
7 3
8 3
9 1
10 1
11 0
12 3
5 11 3
11 6 2
6 7 2
7 10 2
10 0 3
0 2 3
2 12 2
12 1 1
1 3 3
3 8 2
8 4 2
4 9 3
1 9 3
5 8 1
6 12 1

G73
0 2
1 0
2 0
3 0
4 0
5 1
6 3
7 1
8 2
9 1
10 1
11 1
12 1
11 12 1
12 7 3
7 9 3
9 4 2
4 0 3
0 2 3
2 6 1
6 1 3
1 10 1
10 5 1
5 8 1
8 3 2
5 4 2
6 10 2
3 0 3

G74
0 3
1 1
2 0
3 1
4 0
5 3
6 1
7 1
8 3
9 2
10 0
11 0
12 2
3 6 1
6 12 3
12 10 1
10 8 3
8 0 3
0 5 3
5 2 1
2 1 2
1 4 3
4 11 1
11 9 3
9 7 2
1 3 2
12 11 2
7 8 1

G75
0 2
1 0
2 3
3 1
4 3
5 0
6 0
7 3
8 0
9 0
10 1
11 2
12 0
10 5 3
5 8 1
8 11 1
11 9 1
9 0 2
0 4 2
4 6 1
6 12 3
12 7 3
7 1 3
1 3 3
3 2 1
11 1 1
12 0 1
9 6 3

G76
0 3
1 2
2 1
3 1
4 0
5 2
6 0
7 2
8 3
9 1
10 1
11 0
12 0
10 4 3
4 2 2
2 7 1
7 6 3
6 5 3
5 12 2
12 8 3
8 1 2
1 11 3
11 9 1
9 0 2
0 3 1
9 12 1
8 6 2
4 9 2

G77
0 3
1 2
2 3
3 0
4 2
5 3
6 3
7 2
8 0
9 1
10 0
11 1
12 3
9 3 2
3 0 1
0 5 2
5 4 3
4 8 2
8 11 1
11 12 2
12 6 2
6 7 3
7 1 1
1 10 2
10 2 3
12 4 3
8 9 1
2 6 1

G78
0 0
1 0
2 0
3 1
4 0
5 2
6 0
7 1
8 1
9 1
10 2
11 1
12 0
1 4 2
4 7 2
7 2 2
2 0 2
0 8 3
8 5 2
5 6 1
6 9 3
9 12 3
12 11 3
11 3 1
3 10 3
10 8 2
1 0 2
8 6 3

G79
0 2
1 1
2 0
3 1
4 2
5 3
6 2
7 0
8 3
9 2
10 2
11 0
12 0
12 10 3
10 7 3
7 4 3
4 9 3
9 6 3
6 8 3
8 2 1
2 1 1
1 0 1
0 3 2
3 5 3
5 11 2
5 0 1
11 6 3
5 9 2

G80
0 1
1 0
2 2
3 2
4 3
5 0
6 1
7 0
8 2
9 3
10 0
11 0
12 3
10 5 3
5 11 1
11 3 1
3 9 1
9 8 1
8 2 3
2 4 2
4 1 3
1 0 3
0 7 3
7 12 1
12 6 2
4 11 3
5 6 3
5 2 3

G81
0 1
1 1
2 0
3 2
4 0
5 0
6 1
7 3
8 1
9 3
10 0
11 0
12 3
10 4 1
4 2 3
2 9 2
9 7 2
7 11 3
11 5 2
5 6 2
6 1 1
1 8 2
8 12 2
12 3 1
3 0 1
3 5 1
1 0 3
10 12 1

G82
0 1
1 3
2 1
3 1
4 3
5 3
6 2
7 3
8 2
9 2
10 2
11 0
12 0
1 3 1
3 6 1
6 5 2
5 8 2
8 12 2
12 11 2
11 4 1
4 9 2
9 7 3
7 10 2
10 2 1
2 0 1
2 8 1
2 3 2
11 3 2

G83
0 0
1 2
2 2
3 3
4 2
5 2
6 1
7 1
8 3
9 0
10 3
11 0
12 2
6 10 2
10 4 1
4 0 2
0 3 1
3 9 3
9 5 3
5 8 1
8 7 1
7 2 2
2 11 1
11 1 2
1 12 2
2 8 1
12 4 2
3 7 3

G84
0 0
1 1
2 1
3 3
4 1
5 1
6 0
7 3
8 1
9 2
10 2
11 0
12 1
2 1 1
1 5 1
5 12 2
12 0 1
0 10 2
10 11 3
11 6 1
6 4 3
4 8 3
8 9 3
9 3 2
3 7 3
6 1 2
5 11 3
10 7 2

G85
0 3
1 2
2 1
3 2
4 2
5 0
6 0
7 0
8 3
9 3
10 2
11 1
12 1
10 6 2
6 1 2
1 11 3
11 8 1
8 2 3
2 9 1
9 0 1
0 4 2
4 12 1
12 7 3
7 3 2
3 5 1
0 11 1
5 0 2
3 11 1

G86
0 1
1 2
2 2
3 2
4 0
5 1
6 3
7 2
8 0
9 0
10 1
11 2
12 1
1 5 2
5 3 3
3 12 1
12 10 1
10 9 2
9 2 1
2 7 2
7 11 2
11 8 2
8 4 3
4 0 1
0 6 3
11 2 2
0 5 3
8 10 1

G87
0 2
1 1
2 1
3 2
4 2
5 3
6 3
7 0
8 1
9 0
10 2
11 3
12 3
9 7 2
7 5 3
5 3 2
3 11 2
11 6 2
6 12 1
12 8 1
8 10 2
10 2 3
2 4 3
4 1 3
1 0 3
11 0 3
4 3 3
10 4 1

G88
0 3
1 3
2 3
3 2
4 0
5 3
6 0
7 3
8 0
9 1
10 3
11 2
12 3
3 1 1
1 0 1
0 7 2
7 10 2
10 2 2
2 12 3
12 9 2
9 5 1
5 8 3
8 11 3
11 6 3
6 4 3
11 2 3
2 9 3
4 8 3

G89
0 1
1 3
2 1
3 2
4 3
5 2
6 2
7 0
8 3
9 2
10 2
11 3
12 1
1 7 3
7 3 2
3 5 3
5 9 1
9 2 3
2 10 3
10 12 1
12 8 3
8 4 2
4 0 2
0 6 3
6 11 1
1 5 2
12 0 2
6 9 1

G90
0 2
1 3
2 1
3 3
4 3
5 1
6 3
7 0
8 1
9 2
10 3
11 3
12 2
4 1 1
1 6 3
6 0 3
0 8 1
8 2 2
2 9 3
9 12 2
12 11 2
11 10 1
10 7 1
7 5 1
5 3 1
6 2 2
11 6 2
11 4 1

G91
0 2
1 1
2 0
3 1
4 2
5 1
6 3
7 0
8 2
9 3
10 2
11 3
12 2
2 0 2
0 9 2
9 7 3
7 1 2
1 8 1
8 4 2
4 5 3
5 6 2
6 10 3
10 3 2
3 12 3
12 11 1
0 4 3
4 7 1
3 11 2

G92
0 1
1 1
2 3
3 3
4 3
5 0
6 3
7 0
8 3
9 1
10 2
11 2
12 0
11 6 2
6 4 3
4 2 2
2 8 1
8 10 2
10 7 2
7 3 2
3 0 3
0 1 2
1 5 2
5 12 1
12 9 1
11 10 1
11 3 3
3 4 3

G93
0 0
1 0
2 0
3 2
4 2
5 2
6 3
7 1
8 1
9 1
10 2
11 3
12 2
8 7 2
7 2 3
2 0 3
0 9 1
9 10 2
10 5 3
5 3 2
3 1 1
1 6 2
6 4 1
4 11 1
11 12 1
6 7 3
7 9 2
1 0 1

G94
0 2
1 3
2 0
3 2
4 2
5 0
6 2
7 0
8 0
9 0
10 3
11 0
12 2
5 10 2
10 0 3
0 11 1
11 8 2
8 7 2
7 6 3
6 12 2
12 4 3
4 1 1
1 2 2
2 9 2
9 3 3
8 0 2
0 4 3
12 10 2

G95
0 2
1 2
2 3
3 3
4 0
5 2
6 2
7 2
8 2
9 3
10 1
11 3
12 1
6 5 2
5 12 1
12 11 2
11 10 2
10 8 1
8 0 3
0 4 3
4 3 3
3 1 2
1 9 3
9 7 3
7 2 1
4 12 3
2 9 1
1 8 3

G96
0 0
1 0
2 0
3 3
4 3
5 2
6 1
7 3
8 1
9 0
10 2
11 3
12 1
7 2 2
2 8 2
8 10 3
10 5 1
5 12 2
12 9 3
9 1 3
1 4 2
4 3 3
3 6 3
6 0 3
0 11 1
8 7 1
1 0 3
10 0 2

G97
0 1
1 2
2 2
3 1
4 3
5 1
6 2
7 1
8 2
9 0
10 2
11 0
12 3
11 1 3
1 5 2
5 4 2
4 2 1
2 10 1
10 6 3
6 8 2
8 0 2
0 3 2
3 12 3
12 7 1
7 9 1
5 7 1
10 4 3
2 8 2

G98
0 0
1 3
2 2
3 0
4 0
5 0
6 1
7 0
8 3
9 3
10 1
11 2
12 3
8 11 1
11 7 1
7 2 1
2 0 3
0 1 3
1 12 3
12 4 3
4 5 1
5 6 2
6 3 2
3 9 2
9 10 2
5 10 3
12 8 3
12 5 3

G99
0 1
1 2
2 1
3 0
4 2
5 3
6 0
7 1
8 3
9 2
10 2
11 1
12 2
9 11 3
11 4 3
4 3 1
3 8 2
8 6 3
6 2 2
2 0 3
0 1 1
1 12 2
12 10 3
10 7 3
7 5 1
5 6 3
3 12 2
11 5 3

G100
0 2
1 1
2 2
3 1
4 2
5 0
6 3
7 0
8 0
9 2
10 0
11 2
12 3
2 4 1
4 1 3
1 5 3
5 8 3
8 6 3
6 3 2
3 7 2
7 9 1
9 11 3
11 12 3
12 0 2
0 10 2
5 4 2
5 10 1
2 8 3

G101
0 1
1 2
2 2
3 2
4 0
5 2
6 3
7 3
8 3
9 1
10 3
11 0
12 1
3 0 2
0 8 3
8 2 2
2 12 1
12 10 3
10 1 1
1 11 2
11 7 1
7 4 2
4 5 1
5 6 2
6 9 3
1 4 3
8 12 2
0 9 1

G102
0 3
1 2
2 2
3 3
4 0
5 2
6 1
7 0
8 1
9 0
10 0
11 0
12 2
3 6 1
6 12 3
12 11 2
11 1 3
1 10 3
10 0 1
0 7 1
7 2 2
2 9 2
9 8 2
8 5 3
5 4 1
3 8 1
8 12 2
5 9 2

G103
0 0
1 0
2 0
3 1
4 2
5 1
6 1
7 2
8 1
9 1
10 0
11 1
12 3
8 12 3
12 7 3
7 6 3
6 0 2
0 4 3
4 3 3
3 11 3
11 10 1
10 1 2
1 2 2
2 5 2
5 9 2
5 1 2
4 7 2
6 3 3

G104
0 2
1 3
2 2
3 1
4 1
5 2
6 1
7 2
8 2
9 2
10 1
11 2
12 2
0 12 2
12 9 3
9 2 3
2 3 3
3 5 3
5 11 2
11 10 2
10 6 2
6 1 3
1 7 2
7 8 1
8 4 2
3 8 3
6 7 3
2 12 1

G105
0 0
1 0
2 3
3 0
4 3
5 3
6 2
7 1
8 2
9 1
10 2
11 1
12 1
11 12 1
12 1 1
1 5 3
5 9 1
9 4 1
4 10 1
10 0 2
0 6 1
6 8 1
8 3 1
3 2 3
2 7 1
1 0 2
7 12 3
2 0 3

G106
0 2
1 3
2 2
3 0
4 1
5 2
6 0
7 1
8 3
9 2
10 1
11 1
12 1
10 6 2
6 12 2
12 7 3
7 3 1
3 1 1
1 11 2
11 0 1
0 2 1
2 4 3
4 8 3
8 5 1
5 9 1
12 8 2
10 11 2
7 10 1

G107
0 3
1 1
2 1
3 0
4 3
5 1
6 1
7 2
8 3
9 2
10 3
11 0
12 0
2 12 2
12 9 1
9 0 2
0 7 2
7 11 2
11 5 1
5 1 2
1 6 3
6 8 1
8 10 1
10 3 3
3 4 3
11 3 3
5 3 1
3 0 1

G108
0 1
1 2
2 1
3 3
4 0
5 0
6 1
7 1
8 0
9 0
10 1
11 1
12 1
10 8 3
8 9 3
9 2 2
2 12 2
12 7 2
7 0 3
0 1 3
1 11 2
11 5 3
5 6 3
6 4 1
4 3 2
11 8 1
7 10 2
8 3 3

G109
0 3
1 0
2 3
3 3
4 3
5 0
6 1
7 1
8 0
9 1
10 0
11 0
12 1
9 12 1
12 0 2
0 7 3
7 3 2
3 5 1
5 4 1
4 1 1
1 10 2
10 6 3
6 11 1
11 8 1
8 2 2
8 4 2
8 1 1
10 8 2

G110
0 3
1 2
2 2
3 3
4 2
5 0
6 3
7 1
8 1
9 0
10 1
11 2
12 2
0 3 2
3 1 2
1 9 2
9 5 1
5 10 1
10 8 1
8 7 2
7 4 2
4 2 3
2 6 3
6 12 3
12 11 1
0 7 3
10 2 2
12 2 2

G111
0 1
1 1
2 2
3 2
4 1
5 0
6 3
7 2
8 2
9 0
10 0
11 2
12 1
2 5 3
5 8 1
8 9 1
9 6 2
6 1 2
1 3 3
3 0 1
0 7 1
7 12 3
12 4 2
4 10 3
10 11 1
5 12 3
4 11 1
3 11 1

G112
0 3
1 1
2 0
3 2
4 0
5 3
6 2
7 1
8 0
9 1
10 1
11 0
12 2
2 6 1
6 8 1
8 11 1
11 7 1
7 3 2
3 1 1
1 0 3
0 10 2
10 4 2
4 12 3
12 5 1
5 9 1
8 12 1
3 12 1
1 11 2

G113
0 0
1 1
2 3
3 3
4 1
5 1
6 1
7 3
8 1
9 0
10 3
11 1
12 3
0 12 2
12 3 2
3 6 2
6 11 3
11 10 1
10 1 1
1 2 1
2 9 3
9 5 3
5 7 3
7 4 3
4 8 2
3 4 3
7 0 3
0 8 3

G114
0 2
1 0
2 3
3 1
4 0
5 0
6 2
7 3
8 1
9 0
10 1
11 1
12 1
10 3 3
3 5 3
5 9 1
9 12 3
12 7 3
7 0 2
0 1 2
1 4 1
4 2 3
2 6 2
6 11 3
11 8 3
10 6 1
2 9 2
4 8 2

G115
0 3
1 3
2 1
3 1
4 3
5 3
6 2
7 2
8 2
9 1
10 0
11 3
12 0
3 5 1
5 2 3
2 10 1
10 4 1
4 1 3
1 0 2
0 6 3
6 7 3
7 11 3
11 8 2
8 12 1
12 9 3
11 0 2
12 10 1
0 2 3

G116
0 2
1 0
2 0
3 0
4 3
5 2
6 0
7 3
8 1
9 1
10 0
11 2
12 2
2 4 3
4 5 2
5 12 2
12 7 1
7 10 3
10 6 1
6 8 2
8 3 2
3 0 3
0 9 1
9 1 3
1 11 3
2 6 1
4 3 2
6 9 3

G117
0 1
1 2
2 0
3 1
4 1
5 2
6 0
7 0
8 0
9 3
10 0
11 1
12 0
7 10 3
10 0 3
0 1 1
1 4 3
4 12 3
12 6 2
6 2 2
2 9 2
9 5 1
5 3 1
3 8 3
8 11 1
1 2 2
4 6 2
2 0 2

G118
0 3
1 0
2 0
3 0
4 1
5 0
6 2
7 0
8 2
9 3
10 0
11 0
12 3
1 9 2
9 10 1
10 5 3
5 4 2
4 7 1
7 3 1
3 11 2
11 12 3
12 8 1
8 2 3
2 0 3
0 6 1
4 6 2
9 12 3
1 7 1

G119
0 3
1 0
2 1
3 3
4 0
5 2
6 2
7 3
8 3
9 3
10 0
11 1
12 1
6 2 2
2 8 3
8 12 2
12 3 3
3 1 2
1 10 1
10 5 2
5 11 3
11 0 1
0 9 2
9 7 3
7 4 2
12 0 3
5 8 2
10 3 3

G120
0 2
1 0
2 3
3 1
4 1
5 0
6 0
7 2
8 3
9 1
10 0
11 3
12 3
12 10 2
10 6 3
6 5 3
5 2 3
2 11 1
11 9 1
9 7 3
7 8 3
8 1 1
1 0 1
0 4 3
4 3 2
9 8 1
9 2 3
11 8 3

G121
0 0
1 1
2 1
3 2
4 3
5 0
6 3
7 0
8 2
9 3
10 1
11 2
12 3
3 1 3
1 7 3
7 10 2
10 4 3
4 6 2
6 12 1
12 11 3
11 5 3
5 0 2
0 2 2
2 8 3
8 9 1
1 12 1
0 9 1
8 1 2

G122
0 3
1 3
2 1
3 3
4 2
5 0
6 1
7 2
8 3
9 0
10 3
11 1
12 3
8 3 1
3 9 3
9 4 3
4 7 1
7 1 3
1 11 1
11 10 1
10 0 2
0 2 2
2 6 3
6 12 2
12 5 3
5 9 2
7 2 2
12 3 2

G123
0 2
1 3
2 2
3 1
4 1
5 2
6 0
7 0
8 1
9 2
10 0
11 2
12 0
6 5 3
5 2 3
2 9 1
9 8 1
8 1 2
1 4 1
4 12 1
12 0 3
0 7 2
7 10 2
10 11 2
11 3 1
1 12 2
2 0 1
1 3 2

G124
0 0
1 0
2 2
3 1
4 3
5 2
6 3
7 0
8 2
9 3
10 3
11 3
12 0
2 0 1
0 10 2
10 9 2
9 12 2
12 1 2
1 6 3
6 3 3
3 11 3
11 8 1
8 5 3
5 4 1
4 7 1
0 3 1
11 5 1
11 0 2

G125
0 2
1 2
2 3
3 3
4 2
5 0
6 2
7 1
8 1
9 3
10 3
11 0
12 0
11 4 1
4 8 1
8 9 1
9 7 3
7 2 1
2 0 2
0 6 2
6 10 1
10 3 1
3 12 2
12 1 3
1 5 1
3 8 3
2 10 1
3 11 3

G126
0 3
1 3
2 0
3 1
4 1
5 1
6 0
7 0
8 2
9 3
10 1
11 1
12 3
2 1 1
1 6 2
6 3 2
3 0 2
0 12 1
12 11 1
11 9 3
9 10 2
10 7 1
7 4 2
4 8 1
8 5 1
9 2 1
1 11 2
7 0 1

G127
0 3
1 0
2 1
3 3
4 2
5 3
6 3
7 2
8 1
9 1
10 2
11 2
12 3
1 5 1
5 12 1
12 0 1
0 3 3
3 9 3
9 10 1
10 8 1
8 6 3
6 7 3
7 2 2
2 11 2
11 4 2
11 12 1
1 12 1
2 5 1

G128
0 2
1 1
2 0
3 2
4 1
5 3
6 3
7 2
8 0
9 2
10 1
11 2
12 0
8 0 2
0 5 3
5 1 2
1 2 2
2 12 2
12 9 2
9 3 3
3 11 1
11 7 1
7 4 2
4 6 3
6 10 2
2 0 3
8 7 3
7 0 3

G129
0 0
1 2
2 0
3 1
4 2
5 0
6 0
7 3
8 2
9 2
10 3
11 2
12 2
9 4 1
4 7 3
7 5 1
5 10 1
10 11 1
11 2 3
2 3 1
3 8 2
8 6 2
6 0 3
0 1 1
1 12 1
10 0 2
9 7 1
10 3 3

G130
0 3
1 2
2 3
3 1
4 1
5 3
6 1
7 1
8 0
9 0
10 3
11 0
12 1
3 11 3
11 1 2
1 2 1
2 5 3
5 8 2
8 10 3
10 9 2
9 6 3
6 7 2
7 0 2
0 4 1
4 12 3
0 11 1
4 2 1
11 4 3

G131
0 3
1 1
2 2
3 3
4 1
5 2
6 0
7 2
8 0
9 1
10 3
11 3
12 1
6 10 1
10 1 1
1 9 1
9 12 1
12 5 3
5 7 3
7 11 3
11 2 3
2 4 2
4 0 2
0 3 2
3 8 2
5 10 1
12 2 3
4 1 1

G132
0 0
1 2
2 2
3 2
4 0
5 1
6 1
7 1
8 3
9 2
10 0
11 3
12 3
10 6 3
6 5 1
5 9 2
9 4 1
4 12 2
12 11 1
11 1 2
1 0 3
0 7 2
7 3 3
3 8 1
8 2 3
12 9 1
2 11 2
0 11 1

G133
0 3
1 3
2 0
3 0
4 2
5 0
6 1
7 3
8 2
9 1
10 0
11 1
12 0
10 1 3
1 12 1
12 5 3
5 6 1
6 3 3
3 11 1
11 4 2
4 2 3
2 0 1
0 9 3
9 8 1
8 7 2
3 12 2
1 6 1
6 12 3

G134
0 3
1 3
2 2
3 2
4 0
5 1
6 3
7 0
8 1
9 3
10 2
11 0
12 1
6 5 3
5 7 1
7 3 1
3 12 2
12 8 1
8 10 2
10 4 1
4 0 3
0 2 3
2 11 2
11 9 3
9 1 1
2 4 1
1 10 3
11 7 1

G135
0 0
1 1
2 3
3 0
4 2
5 3
6 0
7 1
8 3
9 3
10 2
11 0
12 3
3 6 2
6 0 1
0 7 1
7 12 3
12 5 2
5 2 2
2 10 1
10 4 1
4 9 1
9 11 3
11 8 2
8 1 1
4 0 3
3 8 3
9 2 3

G136
0 3
1 0
2 3
3 1
4 2
5 1
6 3
7 1
8 2
9 3
10 1
11 0
12 2
6 5 2
5 11 1
11 8 3
8 9 2
9 12 1
12 7 3
7 2 1
2 1 2
1 4 3
4 0 2
0 3 1
3 10 3
7 10 1
2 8 1
8 5 1

G137
0 1
1 0
2 3
3 2
4 1
5 1
6 2
7 3
8 1
9 2
10 2
11 0
12 0
5 10 3
10 0 1
0 9 2
9 2 2
2 8 2
8 12 3
12 6 1
6 1 1
1 3 3
3 4 3
4 7 2
7 11 2
11 10 3
12 11 1
9 10 2

G138
0 3
1 1
2 2
3 3
4 2
5 0
6 0
7 1
8 2
9 1
10 0
11 2
12 0
6 12 2
12 4 2
4 1 3
1 9 1
9 0 2
0 8 1
8 7 3
7 10 1
10 2 2
2 5 1
5 3 1
3 11 3
9 10 2
2 0 1
3 6 3

G139
0 0
1 1
2 2
3 1
4 1
5 0
6 0
7 3
8 1
9 1
10 0
11 1
12 0
3 6 1
6 11 1
11 5 2
5 0 2
0 2 3
2 7 3
7 1 1
1 9 1
9 10 1
10 12 1
12 8 3
8 4 3
7 10 2
8 11 2
6 12 3

G140
0 1
1 3
2 3
3 2
4 2
5 0
6 3
7 2
8 1
9 0
10 1
11 1
12 0
10 8 2
8 5 3
5 4 3
4 2 1
2 11 2
11 12 3
12 3 3
3 7 1
7 1 2
1 9 3
9 6 3
6 0 1
10 12 3
7 4 3
7 12 1

G141
0 0
1 2
2 2
3 1
4 0
5 0
6 3
7 2
8 3
9 1
10 2
11 1
12 3
11 0 1
0 4 3
4 1 1
1 8 2
8 12 1
12 9 1
9 7 2
7 2 1
2 3 2
3 6 1
6 5 2
5 10 1
4 10 2
3 5 3
0 5 1

G142
0 1
1 0
2 2
3 3
4 1
5 0
6 1
7 3
8 2
9 3
10 0
11 1
12 3
4 11 3
11 10 2
10 6 2
6 12 1
12 9 3
9 2 2
2 7 1
7 3 1
3 5 2
5 8 2
8 0 2
0 1 1
8 1 3
8 12 1
6 2 2

G143
0 2
1 1
2 2
3 1
4 2
5 1
6 3
7 3
8 1
9 0
10 0
11 1
12 0
2 10 2
10 5 2
5 9 1
9 1 2
1 3 1
3 11 2
11 4 2
4 7 3
7 6 3
6 0 3
0 12 3
12 8 2
8 10 1
12 7 1
8 2 1

G144
0 1
1 1
2 0
3 1
4 1
5 2
6 2
7 3
8 3
9 0
10 1
11 3
12 2
2 0 2
0 12 2
12 9 3
9 1 2
1 8 2
8 7 2
7 6 3
6 4 2
4 3 2
3 5 3
5 11 1
11 10 2
5 6 1
1 0 3
3 2 3

G145
0 0
1 1
2 0
3 2
4 2
5 0
6 3
7 1
8 1
9 1
10 1
11 1
12 1
12 4 2
4 5 2
5 11 3
11 9 3
9 10 3
10 6 2
6 2 1
2 1 1
1 8 2
8 3 1
3 7 1
7 0 1
11 12 1
11 1 1
12 2 3

G146
0 2
1 3
2 0
3 0
4 2
5 3
6 1
7 1
8 0
9 2
10 0
11 3
12 0
6 2 2
2 12 1
12 7 1
7 4 1
4 1 2
1 0 2
0 3 2
3 9 1
9 5 3
5 11 2
11 10 3
10 8 2
9 8 2
11 6 1
12 1 3

G147
0 1
1 1
2 0
3 1
4 0
5 1
6 0
7 2
8 0
9 0
10 2
11 3
12 0
11 1 2
1 5 1
5 4 3
4 8 2
8 3 1
3 10 2
10 12 2
12 2 1
2 9 2
9 7 3
7 0 3
0 6 1
4 6 1
7 3 1
10 0 3

G148
0 3
1 2
2 1
3 2
4 1
5 1
6 1
7 0
8 1
9 1
10 2
11 1
12 1
10 8 3
8 1 2
1 6 2
6 2 3
2 11 3
11 4 2
4 9 1
9 12 1
12 3 2
3 5 1
5 7 3
7 0 2
3 9 2
5 9 2
9 2 1

G149
0 0
1 1
2 2
3 0
4 2
5 3
6 2
7 0
8 1
9 3
10 1
11 0
12 2
9 8 1
8 12 1
12 4 3
4 1 2
1 11 3
11 6 1
6 2 3
2 3 1
3 5 3
5 10 1
10 7 2
7 0 2
12 2 2
12 11 2
7 6 1

G150
0 2
1 2
2 3
3 1
4 2
5 0
6 1
7 2
8 2
9 2
10 1
11 1
12 2
2 11 1
11 5 1
5 1 3
1 0 3
0 3 3
3 7 2
7 4 2
4 6 3
6 8 2
8 10 3
10 9 3
9 12 3
0 8 3
1 2 1
8 12 3

G151
0 0
1 2
2 2
3 3
4 1
5 0
6 2
7 3
8 0
9 0
10 1
11 3
12 1
7 3 2
3 2 2
2 10 3
10 1 2
1 4 2
4 11 2
11 9 3
9 12 2
12 6 2
6 5 3
5 8 1
8 0 2
8 2 1
3 6 1
6 1 1

G152
0 0
1 0
2 0
3 2
4 3
5 3
6 1
7 2
8 2
9 2
10 2
11 3
12 3
7 3 1
3 5 3
5 10 1
10 8 3
8 9 3
9 1 1
1 0 3
0 12 2
12 2 3
2 11 1
11 6 1
6 4 1
11 10 1
4 10 3
4 8 2

G153
0 1
1 1
2 0
3 0
4 0
5 0
6 3
7 0
8 0
9 1
10 3
11 0
12 1
8 0 3
0 2 2
2 6 2
6 1 3
1 12 3
12 9 3
9 10 1
10 5 2
5 11 1
11 7 2
7 3 1
3 4 1
8 6 1
11 9 3
9 5 3

G154
0 1
1 0
2 0
3 0
4 2
5 2
6 3
7 0
8 2
9 0
10 2
11 0
12 3
10 7 3
7 9 2
9 12 1
12 11 3
11 6 3
6 5 2
5 0 3
0 8 1
8 3 3
3 1 1
1 2 3
2 4 2
2 8 2
7 2 1
12 6 1

G155
0 2
1 3
2 3
3 2
4 3
5 2
6 0
7 2
8 0
9 3
10 3
11 2
12 0
3 12 1
12 11 3
11 5 2
5 7 3
7 6 1
6 4 2
4 8 1
8 9 3
9 0 3
0 10 3
10 1 3
1 2 1
5 10 1
12 9 2
0 8 2

G156
0 3
1 2
2 3
3 2
4 2
5 0
6 2
7 1
8 2
9 3
10 0
11 3
12 2
11 12 1
12 6 3
6 8 1
8 1 1
1 3 1
3 5 2
5 7 3
7 0 3
0 2 3
2 9 2
9 4 2
4 10 1
2 12 3
5 12 3
11 3 3

G157
0 0
1 0
2 2
3 3
4 1
5 0
6 0
7 0
8 1
9 2
10 1
11 0
12 0
0 4 1
4 3 2
3 5 3
5 6 3
6 12 1
12 10 1
10 7 1
7 11 3
11 8 2
8 1 1
1 2 2
2 9 3
0 5 2
1 3 3
0 1 2

G158
0 3
1 3
2 2
3 2
4 3
5 0
6 2
7 2
8 1
9 3
10 0
11 3
12 1
10 2 2
2 5 3
5 4 1
4 0 2
0 12 3
12 8 1
8 7 1
7 6 2
6 11 1
11 3 2
3 1 1
1 9 3
9 2 1
0 8 3
11 9 3

G159
0 3
1 3
2 2
3 0
4 1
5 1
6 2
7 0
8 3
9 1
10 2
11 0
12 3
7 0 3
0 5 2
5 3 2
3 11 3
11 4 2
4 9 3
9 6 1
6 10 3
10 12 3
12 2 3
2 1 2
1 8 2
8 12 1
5 7 1
5 2 3

G160
0 2
1 1
2 3
3 3
4 2
5 3
6 2
7 2
8 2
9 0
10 3
11 2
12 1
5 10 1
10 3 2
3 4 1
4 11 3
11 12 3
12 8 3
8 9 2
9 6 3
6 1 2
1 2 1
2 7 3
7 0 1
9 2 1
5 4 3
10 2 1

G161
0 1
1 2
2 1
3 1
4 1
5 1
6 2
7 0
8 1
9 1
10 2
11 2
12 3
12 3 1
3 8 3
8 4 1
4 5 3
5 11 1
11 1 2
1 9 3
9 6 2
6 0 3
0 7 1
7 2 2
2 10 2
1 2 3
0 11 3
6 2 3

G162
0 2
1 2
2 0
3 1
4 2
5 3
6 1
7 2
8 3
9 1
10 1
11 2
12 0
0 7 2
7 9 3
9 1 3
1 5 3
5 12 2
12 6 2
6 10 1
10 11 1
11 2 1
2 4 2
4 3 1
3 8 1
5 9 2
12 4 2
1 4 1

G163
0 1
1 1
2 3
3 2
4 0
5 3
6 3
7 0
8 0
9 3
10 3
11 3
12 0
3 4 3
4 11 2
11 0 2
0 12 3
12 10 1
10 2 2
2 6 1
6 7 3
7 1 3
1 5 1
5 8 2
8 9 3
0 9 3
0 10 1
0 3 1

G164
0 3
1 0
2 1
3 0
4 2
5 2
6 0
7 3
8 0
9 3
10 3
11 1
12 2
10 8 1
8 0 1
0 12 3
12 1 3
1 5 2
5 6 1
6 11 2
11 2 1
2 3 1
3 4 1
4 7 3
7 9 3
10 11 3
10 5 2
7 6 1

G165
0 1
1 3
2 1
3 3
4 1
5 2
6 0
7 3
8 1
9 2
10 1
11 2
12 0
9 12 2
12 4 1
4 8 2
8 3 2
3 10 2
10 5 2
5 2 1
2 1 2
1 6 3
6 0 2
0 11 3
11 7 3
2 6 2
12 0 2
0 1 3

G166
0 3
1 1
2 3
3 2
4 0
5 2
6 1
7 2
8 1
9 0
10 3
11 3
12 3
2 10 3
10 3 2
3 6 1
6 4 2
4 11 1
11 7 2
7 9 1
9 12 1
12 0 1
0 1 2
1 8 2
8 5 1
5 4 3
0 7 3
6 8 1

G167
0 1
1 0
2 0
3 1
4 3
5 2
6 0
7 0
8 1
9 3
10 2
11 1
12 3
7 2 2
2 0 1
0 6 1
6 9 2
9 4 3
4 8 2
8 11 1
11 1 2
1 5 2
5 3 3
3 12 3
12 10 3
8 7 1
9 3 1
4 12 1

G168
0 1
1 0
2 1
3 0
4 3
5 0
6 3
7 2
8 0
9 3
10 1
11 3
12 1
10 7 3
7 4 3
4 2 2
2 6 1
6 1 3
1 8 3
8 11 2
11 5 3
5 3 1
3 12 2
12 9 1
9 0 1
12 7 1
12 1 3
12 5 3

G169
0 0
1 2
2 2
3 1
4 3
5 2
6 0
7 0
8 3
9 2
10 3
11 2
12 0
3 4 2
4 11 3
11 1 1
1 10 1
10 5 3
5 8 3
8 6 1
6 7 1
7 12 1
12 0 3
0 9 2
9 2 3
11 8 2
2 6 3
1 5 2

G170
0 1
1 0
2 3
3 2
4 3
5 0
6 2
7 3
8 0
9 2
10 0
11 1
12 0
8 2 3
2 3 3
3 6 3
6 9 1
9 4 3
4 0 3
0 11 1
11 7 2
7 1 3
1 10 1
10 5 1
5 12 3
7 4 2
3 11 2
9 0 2

G171
0 0
1 1
2 1
3 3
4 0
5 1
6 2
7 1
8 1
9 0
10 2
11 0
12 3
2 4 1
4 12 2
12 6 2
6 8 1
8 9 1
9 11 1
11 5 2
5 1 1
1 7 2
7 0 1
0 10 3
10 3 1
11 3 2
11 6 2
5 10 1

G172
0 0
1 2
2 1
3 1
4 1
5 1
6 1
7 3
8 1
9 1
10 3
11 3
12 2
11 7 2
7 3 3
3 2 3
2 6 2
6 5 3
5 0 3
0 12 1
12 8 1
8 9 1
9 10 3
10 1 3
1 4 1
4 5 1
0 2 1
11 9 1

G173
0 3
1 0
2 0
3 3
4 3
5 2
6 3
7 0
8 2
9 0
10 1
11 2
12 3
10 4 2
4 3 2
3 11 1
11 6 3
6 7 1
7 8 3
8 2 1
2 12 3
12 9 2
9 1 1
1 0 3
0 5 2
10 6 2
10 11 2
7 2 2

G174
0 2
1 0
2 2
3 2
4 3
5 3
6 3
7 3
8 0
9 3
10 3
11 0
12 0
3 6 3
6 5 2
5 0 1
0 9 2
9 7 2
7 11 3
11 10 3
10 8 3
8 1 1
1 4 2
4 12 1
12 2 2
9 3 2
12 3 2
5 8 2

G175
0 2
1 3
2 3
3 2
4 2
5 2
6 2
7 1
8 3
9 3
10 0
11 1
12 0
0 11 1
11 4 1
4 5 1
5 1 3
1 8 2
8 10 1
10 3 3
3 12 1
12 7 1
7 2 1
2 6 3
6 9 2
2 11 2
11 10 1
7 9 3

G176
0 3
1 2
2 3
3 3
4 3
5 0
6 0
7 0
8 0
9 3
10 0
11 1
12 0
8 7 2
7 12 1
12 11 2
11 5 1
5 1 3
1 2 3
2 9 3
9 0 2
0 4 3
4 3 1
3 6 1
6 10 1
5 12 2
2 11 2
3 1 1

G177
0 3
1 3
2 0
3 3
4 2
5 3
6 3
7 1
8 0
9 3
10 0
11 3
12 0
0 9 1
9 2 2
2 7 1
7 8 3
8 4 2
4 11 3
11 12 3
12 5 3
5 6 1
6 3 3
3 10 3
10 1 2
9 1 3
5 0 1
3 0 1

G178
0 2
1 1
2 0
3 3
4 0
5 1
6 0
7 3
8 2
9 3
10 1
11 2
12 1
6 7 2
7 2 3
2 8 1
8 3 2
3 1 2
1 4 1
4 5 3
5 10 1
10 0 2
0 11 2
11 9 2
9 12 1
7 5 1
1 5 2
1 2 2

G179
0 3
1 2
2 3
3 2
4 1
5 3
6 0
7 3
8 0
9 3
10 0
11 0
12 3
7 2 1
2 5 1
5 12 1
12 3 3
3 1 1
1 4 1
4 9 2
9 6 3
6 8 3
8 10 1
10 11 2
11 0 3
5 10 2
11 8 1
10 3 2

G180
0 0
1 3
2 1
3 2
4 0
5 1
6 0
7 0
8 2
9 1
10 1
11 0
12 2
3 12 3
12 10 3
10 6 1
6 4 3
4 1 1
1 2 3
2 7 2
7 11 2
11 0 1
0 5 3
5 8 2
8 9 3
7 3 3
12 8 3
3 5 1

G181
0 1
1 2
2 1
3 1
4 1
5 2
6 2
7 2
8 2
9 1
10 3
11 2
12 1
12 3 2
3 1 1
1 10 1
10 6 2
6 8 1
8 5 1
5 2 3
2 0 3
0 11 2
11 9 3
9 4 2
4 7 1
9 8 2
11 3 2
3 8 1

G182
0 3
1 3
2 2
3 0
4 3
5 1
6 3
7 0
8 0
9 1
10 3
11 2
12 1
9 0 2
0 8 3
8 11 2
11 7 1
7 6 3
6 5 3
5 12 2
12 3 1
3 1 2
1 2 3
2 4 1
4 10 1
11 3 3
3 6 1
2 9 2

G183
0 1
1 0
2 1
3 1
4 2
5 2
6 0
7 1
8 0
9 1
10 3
11 0
12 0
7 10 2
10 9 3
9 12 2
12 11 2
11 2 2
2 6 2
6 3 1
3 5 3
5 4 3
4 0 1
0 8 1
8 1 3
8 3 1
1 11 2
4 10 3

G184
0 2
1 3
2 2
3 3
4 0
5 1
6 3
7 1
8 1
9 2
10 0
11 0
12 0
4 5 2
5 6 2
6 11 2
11 9 1
9 8 1
8 1 2
1 0 3
0 7 1
7 12 2
12 3 2
3 2 2
2 10 3
7 5 1
12 10 3
0 11 1

G185
0 2
1 0
2 0
3 1
4 0
5 3
6 0
7 2
8 1
9 1
10 0
11 2
12 1
9 8 3
8 11 1
11 1 2
1 6 2
6 4 2
4 12 3
12 0 3
0 7 2
7 10 3
10 5 2
5 2 1
2 3 2
12 9 2
5 4 2
10 0 1

G186
0 3
1 1
2 3
3 3
4 1
5 0
6 0
7 0
8 1
9 1
10 3
11 3
12 3
1 5 3
5 3 2
3 6 3
6 8 3
8 9 1
9 10 1
10 12 3
12 0 2
0 2 3
2 4 1
4 11 1
11 7 2
11 12 2
1 10 2
8 1 1

G187
0 3
1 3
2 1
3 2
4 3
5 3
6 1
7 2
8 3
9 0
10 1
11 1
12 3
6 8 1
8 2 2
2 11 1
11 9 2
9 0 3
0 5 1
5 12 1
12 10 2
10 4 1
4 1 2
1 3 2
3 7 1
1 9 3
9 8 1
4 0 3

G188
0 2
1 3
2 3
3 1
4 1
5 0
6 1
7 1
8 0
9 2
10 1
11 3
12 3
8 4 1
4 10 1
10 2 2
2 12 2
12 0 1
0 6 3
6 7 2
7 5 2
5 9 1
9 1 1
1 3 3
3 11 3
9 4 3
1 7 2
2 9 3

G189
0 0
1 0
2 0
3 0
4 1
5 0
6 3
7 3
8 1
9 2
10 3
11 1
12 0
5 11 3
11 0 3
0 4 2
4 9 3
9 7 2
7 12 1
12 10 3
10 2 2
2 1 3
1 3 3
3 6 2
6 8 1
1 0 1
7 10 3
7 6 1

G190
0 1
1 1
2 3
3 1
4 2
5 1
6 2
7 0
8 1
9 1
10 2
11 2
12 1
1 9 2
9 10 2
10 3 1
3 0 2
0 11 3
11 7 1
7 8 1
8 4 1
4 6 2
6 2 3
2 12 2
12 5 2
9 7 3
11 1 1
8 10 2

G191
0 1
1 3
2 0
3 2
4 2
5 1
6 1
7 3
8 0
9 1
10 3
11 0
12 1
4 2 3
2 12 1
12 7 3
7 3 3
3 10 3
10 8 3
8 9 2
9 6 2
6 11 3
11 1 3
1 0 3
0 5 3
8 6 2
2 0 2
7 10 1

G192
0 2
1 3
2 2
3 0
4 0
5 0
6 3
7 3
8 0
9 2
10 0
11 1
12 1
0 5 3
5 11 2
11 3 1
3 1 2
1 10 1
10 7 1
7 2 1
2 4 1
4 12 2
12 6 2
6 8 1
8 9 2
11 2 2
3 12 3
5 12 3

G193
0 2
1 3
2 3
3 2
4 2
5 0
6 0
7 3
8 3
9 1
10 2
11 1
12 1
7 0 3
0 3 1
3 12 3
12 1 1
1 11 2
11 9 1
9 8 1
8 6 1
6 5 3
5 4 2
4 10 1
10 2 3
10 5 1
12 0 1
5 11 3

G194
0 2
1 3
2 3
3 2
4 2
5 1
6 0
7 2
8 2
9 2
10 3
11 2
12 3
11 2 3
2 12 1
12 0 2
0 9 1
9 8 1
8 1 3
1 3 3
3 5 3
5 6 1
6 4 1
4 10 3
10 7 3
2 4 3
0 8 3
11 12 1

G195
0 0
1 0
2 0
3 1
4 0
5 0
6 2
7 0
8 3
9 1
10 2
11 0
12 3
8 7 2
7 9 2
9 3 3
3 5 3
5 2 2
2 6 3
6 1 1
1 10 1
10 4 3
4 12 3
12 11 1
11 0 3
9 5 3
12 1 1
1 5 2

G196
0 1
1 0
2 1
3 2
4 3
5 1
6 1
7 3
8 2
9 1
10 3
11 1
12 3
7 8 3
8 12 3
12 1 3
1 4 2
4 10 3
10 5 1
5 11 3
11 0 3
0 3 2
3 2 2
2 6 3
6 9 2
10 7 3
10 6 2
1 11 1

G197
0 1
1 1
2 3
3 1
4 1
5 0
6 2
7 1
8 2
9 3
10 2
11 3
12 3
10 1 3
1 0 2
0 4 1
4 5 1
5 3 2
3 11 1
11 2 1
2 9 1
9 6 2
6 7 2
7 8 1
8 12 1
2 0 2
3 6 1
7 3 3

G198
0 3
1 0
2 3
3 3
4 2
5 2
6 0
7 2
8 2
9 2
10 1
11 1
12 0
10 12 1
12 0 2
0 7 1
7 11 2
11 2 2
2 5 1
5 1 3
1 6 2
6 8 2
8 3 1
3 9 3
9 4 1
9 6 2
10 3 2
4 1 2

G199
0 2
1 2
2 0
3 0
4 2
5 2
6 1
7 2
8 0
9 1
10 2
11 3
12 2
1 12 1
12 11 2
11 7 2
7 5 1
5 10 3
10 4 2
4 2 3
2 3 2
3 9 3
9 6 2
6 0 1
0 8 1
12 6 3
12 8 3
3 10 2

G200
0 2
1 3
2 1
3 0
4 1
5 0
6 3
7 2
8 2
9 0
10 1
11 1
12 2
0 8 3
8 2 2
2 7 3
7 10 1
10 12 3
12 11 3
11 6 1
6 4 1
4 5 3
5 1 3
1 9 2
9 3 1
2 3 1
6 12 2
1 12 1

G201
0 2
1 0
2 2
3 3
4 3
5 2
6 0
7 0
8 1
9 0
10 0
11 0
12 2
9 6 3
6 7 2
7 10 2
10 0 1
0 8 2
8 4 3
4 11 1
11 12 2
12 5 2
5 2 2
2 3 1
3 1 3
9 11 1
2 12 3
3 8 2

G202
0 0
1 1
2 0
3 2
4 2
5 3
6 2
7 0
8 2
9 1
10 3
11 2
12 1
9 0 3
0 10 1
10 5 3
5 7 2
7 11 1
11 4 2
4 12 2
12 3 3
3 2 1
2 8 2
8 6 1
6 1 1
11 3 3
3 0 1
10 2 2

G203
0 3
1 3
2 0
3 1
4 2
5 3
6 1
7 1
8 1
9 0
10 3
11 3
12 0
4 9 3
9 2 2
2 6 1
6 0 1
0 3 1
3 11 1
11 10 2
10 8 3
8 12 1
12 7 1
7 5 2
5 1 3
9 8 3
1 0 3
1 4 1

G204
0 1
1 1
2 2
3 1
4 3
5 1
6 1
7 0
8 3
9 1
10 2
11 0
12 1
6 10 2
10 8 2
8 4 2
4 12 1
12 11 3
11 5 1
5 2 3
2 7 2
7 0 3
0 9 1
9 1 1
1 3 3
12 0 2
6 1 3
4 7 2

G205
0 0
1 1
2 0
3 1
4 3
5 2
6 2
7 1
8 2
9 2
10 0
11 3
12 3
5 12 2
12 8 2
8 4 1
4 6 3
6 10 2
10 9 2
9 1 3
1 11 2
11 3 3
3 7 1
7 0 3
0 2 1
4 10 2
3 1 2
7 6 1

G206
0 3
1 1
2 0
3 1
4 0
5 2
6 2
7 3
8 2
9 3
10 3
11 2
12 1
4 2 1
2 0 2
0 8 2
8 1 3
1 7 2
7 6 1
6 10 1
10 11 2
11 9 1
9 5 2
5 12 1
12 3 2
8 4 2
0 7 3
12 1 2

G207
0 2
1 3
2 3
3 0
4 3
5 0
6 3
7 2
8 1
9 0
10 1
11 1
12 2
2 12 2
12 3 2
3 9 1
9 0 2
0 5 3
5 8 1
8 1 1
1 10 2
10 4 3
4 11 2
11 6 2
6 7 1
11 9 3
3 5 2
10 5 2

G208
0 3
1 1
2 0
3 3
4 2
5 0
6 3
7 3
8 0
9 0
10 1
11 0
12 1
4 6 3
6 3 3
3 0 2
0 2 1
2 5 3
5 9 1
9 7 1
7 11 1
11 10 3
10 8 3
8 1 3
1 12 1
3 2 1
12 6 2
8 3 1

G209
0 3
1 2
2 2
3 0
4 1
5 2
6 3
7 3
8 0
9 0
10 0
11 3
12 2
12 3 3
3 11 3
11 10 2
10 1 2
1 8 3
8 2 2
2 5 2
5 9 3
9 6 2
6 4 3
4 0 1
0 7 3
7 12 3
4 1 2
4 10 3

G210
0 2
1 0
2 1
3 1
4 1
5 2
6 1
7 0
8 1
9 3
10 0
11 2
12 2
3 1 1
1 12 1
12 0 3
0 11 2
11 8 1
8 2 2
2 6 3
6 10 1
10 4 3
4 7 3
7 9 2
9 5 3
0 7 2
8 6 2
0 9 3

G211
0 3
1 1
2 3
3 0
4 1
5 0
6 2
7 0
8 0
9 2
10 1
11 0
12 1
0 9 1
9 4 3
4 1 2
1 6 2
6 10 2
10 11 3
11 7 1
7 3 3
3 8 2
8 5 3
5 2 2
2 12 3
10 2 2
8 11 2
8 7 1

G212
0 1
1 1
2 0
3 2
4 2
5 2
6 1
7 1
8 2
9 1
10 0
11 1
12 0
8 10 2
10 4 3
4 7 1
7 9 3
9 5 1
5 11 2
11 3 2
3 0 2
0 12 2
12 1 2
1 2 2
2 6 1
0 4 1
7 12 1
11 7 1

G213
0 2
1 3
2 2
3 1
4 2
5 0
6 2
7 2
8 0
9 2
10 1
11 3
12 2
5 0 2
0 12 3
12 2 2
2 6 3
6 9 2
9 10 2
10 1 2
1 7 3
7 8 3
8 11 1
11 3 3
3 4 1
9 1 3
1 4 2
1 2 2

G214
0 2
1 2
2 0
3 2
4 3
5 3
6 3
7 3
8 3
9 3
10 2
11 3
12 3
8 2 1
2 0 3
0 3 1
3 11 3
11 10 3
10 9 3
9 6 3
6 1 2
1 5 2
5 4 3
4 7 2
7 12 2
10 1 3
2 7 2
0 9 3

G215
0 3
1 0
2 3
3 0
4 2
5 1
6 2
7 1
8 3
9 3
10 1
11 2
12 3
10 3 1
3 7 3
7 11 2
11 8 2
8 1 3
1 0 1
0 9 2
9 2 2
2 4 3
4 12 3
12 6 1
6 5 3
12 1 3
6 9 3
8 7 2

G216
0 2
1 3
2 1
3 2
4 1
5 2
6 0
7 0
8 1
9 2
10 1
11 1
12 1
5 3 2
3 7 1
7 4 2
4 0 3
0 1 3
1 6 3
6 10 3
10 9 3
9 2 3
2 11 3
11 8 3
8 12 2
8 9 2
5 9 2
5 4 2

G217
0 2
1 2
2 0
3 3
4 1
5 0
6 3
7 3
8 2
9 2
10 2
11 0
12 1
7 2 3
2 5 1
5 3 3
3 8 3
8 10 3
10 12 3
12 9 3
9 1 3
1 6 2
6 4 1
4 0 2
0 11 3
11 6 3
11 8 2
4 9 2

G218
0 0
1 0
2 3
3 2
4 0
5 0
6 3
7 2
8 1
9 0
10 0
11 3
12 2
11 2 2
2 8 3
8 3 3
3 12 3
12 6 2
6 5 2
5 9 3
9 10 3
10 0 3
0 1 1
1 4 3
4 7 2
12 9 3
8 5 2
0 8 2

G219
0 2
1 2
2 2
3 0
4 2
5 3
6 1
7 0
8 0
9 1
10 3
11 2
12 3
12 9 1
9 3 3
3 2 1
2 10 3
10 4 3
4 5 1
5 1 2
1 0 3
0 7 1
7 6 3
6 11 3
11 8 2
0 9 1
9 10 3
12 4 1

G220
0 2
1 2
2 1
3 0
4 0
5 1
6 2
7 1
8 3
9 1
10 0
11 0
12 3
4 9 2
9 3 3
3 8 1
8 2 2
2 12 1
12 7 3
7 6 2
6 11 1
11 0 1
0 1 2
1 10 1
10 5 3
7 0 2
3 6 1
7 4 1

G221
0 2
1 2
2 2
3 2
4 1
5 2
6 2
7 2
8 3
9 3
10 0
11 1
12 1
8 12 2
12 9 2
9 5 2
5 3 2
3 10 2
10 2 1
2 1 1
1 7 1
7 0 1
0 4 1
4 11 1
11 6 1
0 10 2
0 5 1
8 10 2

G222
0 3
1 1
2 1
3 0
4 0
5 1
6 2
7 0
8 1
9 0
10 2
11 3
12 0
9 11 3
11 12 2
12 6 3
6 7 1
7 4 2
4 3 2
3 0 2
0 10 2
10 2 3
2 1 2
1 8 3
8 5 1
8 4 3
11 1 1
8 6 2

G223
0 3
1 3
2 2
3 0
4 3
5 3
6 1
7 3
8 0
9 1
10 1
11 0
12 1
10 11 1
11 12 2
12 3 2
3 9 1
9 6 2
6 7 2
7 4 1
4 0 3
0 2 1
2 1 1
1 8 3
8 5 1
4 11 3
6 12 1
11 0 2

G224
0 0
1 3
2 2
3 2
4 2
5 1
6 2
7 2
8 3
9 0
10 0
11 0
12 3
4 1 2
1 7 3
7 12 3
12 0 1
0 11 3
11 9 2
9 8 3
8 3 2
3 2 3
2 5 1
5 10 1
10 6 2
10 7 2
4 7 2
4 0 1

G225
0 1
1 1
2 2
3 0
4 1
5 0
6 0
7 2
8 2
9 0
10 2
11 2
12 1
5 8 1
8 1 3
1 2 3
2 4 1
4 7 1
7 0 1
0 9 1
9 11 2
11 12 1
12 10 3
10 6 1
6 3 3
10 9 3
7 11 3
1 5 2

G226
0 1
1 3
2 2
3 3
4 0
5 2
6 0
7 0
8 2
9 3
10 2
11 0
12 0
9 0 2
0 4 2
4 11 3
11 12 2
12 7 3
7 2 3
2 5 1
5 3 1
3 6 1
6 1 2
1 10 3
10 8 1
10 7 1
1 5 3
3 0 1

G227
0 3
1 2
2 0
3 3
4 2
5 1
6 3
7 2
8 3
9 3
10 3
11 0
12 3
0 9 2
9 5 1
5 8 2
8 6 1
6 2 2
2 4 1
4 1 2
1 10 3
10 11 2
11 12 2
12 3 3
3 7 3
11 3 1
1 9 1
5 1 2

G228
0 1
1 3
2 2
3 0
4 3
5 0
6 0
7 3
8 3
9 2
10 3
11 2
12 0
6 4 1
4 7 3
7 8 2
8 0 1
0 12 2
12 3 3
3 5 2
5 11 3
11 1 1
1 9 3
9 2 1
2 10 2
7 12 1
3 9 1
10 9 2

G229
0 3
1 2
2 0
3 1
4 0
5 1
6 3
7 3
8 0
9 1
10 3
11 1
12 3
11 4 1
4 0 1
0 12 3
12 2 1
2 8 1
8 1 2
1 9 3
9 6 1
6 5 1
5 7 1
7 3 3
3 10 1
11 7 3
12 11 3
1 4 2

G230
0 1
1 0
2 1
3 0
4 1
5 2
6 0
7 3
8 2
9 3
10 2
11 0
12 1
10 6 1
6 2 1
2 11 1
11 0 3
0 3 2
3 4 3
4 12 1
12 8 2
8 1 2
1 5 1
5 9 2
9 7 2
4 8 3
7 11 3
6 4 1

G231
0 2
1 2
2 1
3 1
4 1
5 2
6 3
7 2
8 3
9 0
10 3
11 1
12 0
8 11 3
11 7 1
7 1 2
1 12 2
12 9 3
9 10 2
10 0 2
0 4 1
4 5 3
5 3 2
3 6 1
6 2 2
8 1 2
8 4 2
12 3 1

G232
0 0
1 3
2 2
3 3
4 0
5 1
6 0
7 1
8 1
9 2
10 3
11 3
12 2
12 9 2
9 1 2
1 5 2
5 10 3
10 11 3
11 3 1
3 0 3
0 7 2
7 6 2
6 4 3
4 8 1
8 2 1
11 1 2
1 12 3
4 5 1

G233
0 0
1 2
2 3
3 2
4 3
5 1
6 3
7 3
8 1
9 2
10 1
11 1
12 3
1 9 1
9 5 1
5 2 1
2 7 2
7 4 2
4 8 1
8 0 2
0 3 3
3 11 3
11 6 1
6 10 2
10 12 3
7 5 1
8 3 3
9 0 1

G234
0 2
1 2
2 3
3 1
4 1
5 3
6 3
7 1
8 2
9 3
10 0
11 3
12 3
9 3 1
3 1 2
1 6 3
6 10 2
10 2 2
2 12 3
12 5 3
5 8 1
8 4 1
4 0 1
0 11 2
11 7 2
3 0 3
7 10 3
3 5 2

G235
0 0
1 3
2 3
3 1
4 1
5 1
6 0
7 1
8 1
9 2
10 2
11 0
12 2
7 0 3
0 1 2
1 10 1
10 2 3
2 5 1
5 11 3
11 9 1
9 4 2
4 12 1
12 8 2
8 6 2
6 3 2
8 5 1
10 0 1
1 5 3

G236
0 3
1 3
2 0
3 2
4 1
5 0
6 2
7 2
8 2
9 3
10 2
11 1
12 0
6 8 2
8 3 1
3 0 3
0 1 2
1 11 1
11 9 1
9 7 2
7 10 2
10 12 3
12 5 2
5 4 1
4 2 2
7 1 1
2 0 2
6 10 1

G237
0 3
1 3
2 0
3 2
4 3
5 1
6 1
7 3
8 0
9 0
10 1
11 0
12 2
8 0 3
0 2 1
2 11 2
11 7 3
7 1 1
1 10 3
10 9 1
9 5 2
5 3 1
3 12 2
12 4 2
4 6 2
2 5 1
11 3 1
2 1 3

G238
0 1
1 1
2 1
3 0
4 0
5 1
6 1
7 1
8 2
9 3
10 2
11 3
12 1
7 4 3
4 12 2
12 9 1
9 10 3
10 3 2
3 1 3
1 0 1
0 11 3
11 5 3
5 6 1
6 8 3
8 2 1
4 11 1
12 6 2
12 0 3

G239
0 3
1 0
2 2
3 0
4 3
5 0
6 3
7 2
8 0
9 3
10 0
11 3
12 2
12 10 1
10 4 2
4 3 2
3 1 2
1 2 3
2 6 3
6 5 2
5 8 1
8 11 2
11 0 3
0 7 2
7 9 1
2 5 1
3 10 3
9 12 3

G240
0 3
1 1
2 0
3 0
4 0
5 1
6 2
7 1
8 2
9 1
10 1
11 3
12 1
4 9 3
9 0 2
0 8 2
8 5 2
5 2 2
2 12 3
12 10 2
10 3 3
3 7 1
7 11 2
11 6 2
6 1 2
1 11 3
2 4 1
3 8 2

G241
0 0
1 0
2 3
3 2
4 2
5 3
6 3
7 0
8 0
9 3
10 0
11 2
12 1
8 6 2
6 9 1
9 11 3
11 12 3
12 3 3
3 4 2
4 2 3
2 7 3
7 0 1
0 1 2
1 5 3
5 10 3
0 9 1
4 12 2
12 0 1

G242
0 0
1 3
2 0
3 2
4 1
5 3
6 0
7 2
8 0
9 3
10 2
11 1
12 3
10 7 2
7 1 1
1 2 3
2 8 1
8 11 2
11 9 3
9 4 3
4 5 1
5 3 3
3 0 1
0 6 1
6 12 3
8 7 2
7 2 2
0 11 3

G243
0 2
1 1
2 1
3 0
4 0
5 2
6 3
7 0
8 0
9 3
10 2
11 0
12 3
5 12 1
12 11 3
11 0 2
0 3 3
3 1 1
1 2 1
2 6 2
6 8 1
8 9 3
9 7 2
7 4 3
4 10 1
10 6 2
5 8 3
2 11 2

G244
0 2
1 2
2 0
3 2
4 3
5 1
6 2
7 2
8 2
9 3
10 3
11 1
12 1
3 0 2
0 5 2
5 12 2
12 8 3
8 7 2
7 1 3
1 6 3
6 11 2
11 10 1
10 2 3
2 9 3
9 4 1
2 4 1
9 7 2
8 2 1

G245
0 3
1 1
2 0
3 3
4 0
5 1
6 0
7 0
8 1
9 2
10 3
11 3
12 2
6 1 1
1 11 1
11 0 3
0 12 1
12 3 3
3 4 3
4 5 2
5 2 1
2 10 3
10 7 1
7 8 2
8 9 1
2 3 3
1 8 1
0 10 2

G246
0 2
1 0
2 3
3 2
4 3
5 2
6 0
7 2
8 2
9 3
10 1
11 3
12 2
6 11 1
11 2 3
2 3 2
3 8 3
8 12 1
12 4 2
4 10 1
10 1 2
1 0 2
0 9 1
9 7 3
7 5 2
8 2 3
0 2 3
9 11 2

G247
0 3
1 2
2 0
3 1
4 0
5 2
6 2
7 3
8 2
9 1
10 2
11 0
12 3
10 9 1
9 0 2
0 6 1
6 5 1
5 3 2
3 7 1
7 2 2
2 1 2
1 12 3
12 8 3
8 11 1
11 4 1
6 4 2
9 11 3
7 6 2

G248
0 0
1 1
2 2
3 1
4 0
5 3
6 3
7 3
8 2
9 0
10 0
11 3
12 0
6 5 2
5 8 2
8 4 3
4 10 3
10 9 1
9 7 3
7 11 1
11 2 1
2 0 1
0 12 3
12 1 2
1 3 2
1 10 2
8 2 1
4 3 1

G249
0 2
1 1
2 3
3 0
4 3
5 3
6 3
7 3
8 3
9 3
10 0
11 1
12 2
12 0 3
0 5 1
5 9 3
9 7 3
7 10 2
10 1 2
1 6 2
6 4 1
4 11 2
11 2 1
2 3 1
3 8 2
6 2 2
7 3 2
10 11 1

G250
0 1
1 1
2 0
3 3
4 3
5 3
6 3
7 0
8 0
9 0
10 0
11 0
12 1
1 7 1
7 0 2
0 8 1
8 11 2
11 5 2
5 12 1
12 6 1
6 3 3
3 4 2
4 9 3
9 2 3
2 10 2
5 7 2
2 1 3
7 2 1
